818 44 28 0 3133 1 3134
471 31 0 1 3134 0 3133
749 45 4 5 3133 7 3135
439 60 11 3 3133 0 3133
711 49 2 0 3133 6 3134
704 33 9 1 3134 10 3134
748 45 26 0 3133 17 3133
780 29 4 2 3135 9 3133
533 57 18 0 3133 17 3132
402 36 13 0 3133 5 3136
439 38 22 2 3132 1 3134
742 47 27 1 3134 5 3135
572 33 4 22 3136 6 3130
743 48 23 1 3134 12 3132
470 32 20 0 3133 4 3132
398 46 16 2 3134 9 3130
784 47 12 0 3133 1 3134
713 24 26 1 3134 3 3136
476 59 6 2 3134 2 3133
262 35 8 0 3133 3 3132
713 37 5 2 3133 5 3133
539 30 11 4 3132 2 3133
673 22 19 0 3133 2 3134
362 33 18 1 3132 2 3132
440 61 3 3 3134 1 3134
472 36 20 1 3134 7 3130
668 59 26 5 3136 6 3137
404 36 2 1 3133 2 3132
576 53 4 5 3130 5 3133
883 49 4 4 3132 22 3135
713 23 25 0 3133 19 3139
541 57 2 0 3133 2 3133
262 33 11 0 3133 4 3133
535 62 19 1 3133 0 3133
882 51 26 0 3133 2 3134
437 58 25 10 3130 4 3132
882 51 25 0 3133 1 3133
433 55 17 8 3134 3 3133
570 57 31 0 3133 1 3133
363 28 0 0 3133 4 3132
776 55 18 1 3134 0 3133
405 37 18 0 3133 6 3133
670 42 26 2 3133 6 3134
816 53 22 0 3133 1 3133
367 52 29 2 3135 0 3133
402 52 11 3 3134 2 3134
438 26 9 2 3135 0 3133
399 49 28 1 3132 0 3133
470 16 11 0 3133 9 3134
640 53 4 2 3133 13 3131
746 44 9 0 3133 1 3133
576 30 19 0 3133 1 3134
304 55 17 6 3135 4 3132
577 54 5 4 3135 0 3133
432 26 19 1 3134 5 3134
704 29 25 0 3133 3 3133
404 28 28 1 3134 3 3134
535 58 8 16 3132 0 3133
633 33 12 1 3134 5 3133
470 61 24 2 3132 7 3133
402 59 25 11 3132 1 3133
749 32 12 2 3131 15 3138
538 61 9 0 3133 2 3135
743 28 3 3 3135 12 3135
540 45 4 0 3133 1 3133
746 51 10 13 3137 13 3131
574 57 9 2 3133 15 3133
576 41 25 4 3135 2 3134
438 43 17 0 3133 3 3134
574 56 6 0 3133 1 3133
820 54 10 0 3133 7 3133
435 48 18 0 3133 2 3134
438 38 18 1 3134 5 3134
368 29 28 1 3134 4 3134
671 55 12 0 3133 1 3132
539 60 4 1 3132 2 3135
746 35 19 3 3136 7 3133
748 49 29 7 3134 19 3134
534 31 0 4 3132 0 3133
540 65 22 0 3133 2 3134
398 32 18 1 3134 3 3134
569 34 11 1 3134 2 3132
748 33 22 0 3133 17 3138
709 54 1 1 3134 19 3134
712 26 27 3 3134 19 3134
573 20 17 11 3131 12 3134
575 31 12 1 3132 22 3139
712 29 28 0 3133 1 3133
401 36 2 1 3133 2 3132
539 59 17 4 3134 0 3133
740 45 22 0 3133 6 3131
533 63 5 0 3133 1 3132
676 21 28 1 3134 3 3133
782 46 11 0 3133 13 3133
367 26 10 1 3134 0 3133
713 54 1 1 3134 19 3134
712 43 1 2 3133 7 3136
747 28 2 3 3135 12 3135
743 28 16 1 3132 11 3136
403 16 9 0 3133 9 3131
638 53 17 2 3133 5 3134
474 30 11 1 3134 0 3133
368 39 3 2 3133 0 3133
675 42 17 0 3133 1 3133
471 58 26 0 3133 8 3132
779 47 31 0 3133 10 3135
477 31 1 1 3134 0 3133
432 59 1 0 3133 2 3134
670 23 27 0 3133 3 3135
568 28 19 14 3132 11 3139
477 47 12 0 3133 5 3136
710 51 5 0 3133 12 3131
704 27 18 11 3135 4 3133
434 38 24 0 3133 2 3132
477 58 25 0 3133 4 3134
363 38 20 2 3133 0 3133
541 67 11 8 3131 3 3132
746 48 3 0 3133 3 3130
532 34 29 0 3133 4 3131
705 58 26 0 3133 4 3134
538 58 9 16 3132 0 3133
532 66 13 2 3134 5 3136
439 54 5 1 3134 2 3135
669 49 28 2 3135 8 3132
536 58 22 2 3134 1 3134
668 42 20 2 3133 5 3135
883 51 17 0 3133 2 3134
541 45 19 0 3133 1 3133
469 22 26 2 3133 1 3133
477 16 10 0 3133 9 3134
535 68 29 0 3133 1 3134
748 45 1 1 3133 2 3133
777 55 25 1 3134 0 3133
749 25 17 1 3134 6 3131
434 54 26 1 3132 0 3133
438 61 1 0 3133 2 3133
740 54 11 0 3133 2 3132
575 60 10 0 3133 1 3134
538 65 26 2 3135 0 3133
471 51 24 0 3133 4 3133
743 31 11 1 3134 7 3132
780 53 2 1 3132 0 3133
677 29 12 1 3134 5 3132
576 56 2 0 3133 10 3130
704 29 4 4 3135 1 3133
440 29 4 1 3134 0 3133
470 24 4 0 3133 1 3134
369 30 19 2 3133 0 3133
671 42 15 4 3136 5 3134
778 56 27 0 3133 1 3133
