740 45 13 0 3133 6 3131
539 58 2 0 3133 3 3134
437 33 1 0 3133 8 3133
404 52 9 1 3134 0 3133
741 44 13 0 3133 22 3134
367 38 13 2 3133 0 3133
476 63 4 1 3132 0 3133
469 60 2 0 3133 1 3132
540 57 18 0 3133 17 3132
475 27 19 1 3134 0 3133
539 54 30 0 3133 3 3136
267 32 21 1 3134 0 3133
748 32 25 1 3134 6 3131
475 60 28 0 3133 6 3134
535 66 23 4 3135 1 3134
778 55 3 0 3133 23 3134
402 43 1 0 3133 1 3133
742 46 5 0 3133 5 3134
820 56 9 17 3138 2 3134
476 56 17 0 3133 6 3130
740 35 25 17 3136 5 3134
883 49 9 0 3133 32 3135
574 26 25 2 3133 7 3136
534 59 27 3 3134 0 3133
435 28 27 2 3134 2 3133
539 38 3 0 3133 5 3135
743 58 24 0 3133 5 3134
366 46 11 9 3134 5 3132
668 43 27 6 3135 0 3133
876 48 17 4 3131 14 3139
